CUOTAS POR PROPIEDADES: 


CPd Nombre Propietario                        %C  %E  %G         C.        E.        G.      Total
-------------------------------------------------------------------------------------------------
0-A Maria Gutierrez                            0   8   0       0,00    390,88      0,00    390,88
1-A Ricardo Torres                            12   9   0     549,60    439,74      0,00    989,34
0-B Miguel Palacios                            0   9   0       0,00    439,74      0,00    439,74
2-A Jorge Salas                               20  15   0     916,00    732,90      0,00   1648,90
1-B Tomas Asensio                             14  10   0     641,20    488,60      0,00   1129,80
0-C Nuria Mas                                  0   9   0       0,00    439,74      0,00    439,74
2-B Jaime Rodriguez                           20  15   0     916,00    732,90      0,00   1648,90
1-C Enrique Alos                              14  10   0     641,20    488,60      0,00   1129,80
2-C Nestor Crespo                             20  15   0     916,00    732,90      0,00   1648,90
P10 Ruben Palencia                             0   0  10       0,00      0,00     33,60     33,60
P01 Paula Cabos                                0   0  10       0,00      0,00     33,60     33,60
P03 Jorge Salas                                0   0  10       0,00      0,00     33,60     33,60
P02 Juan Tenorio                               0   0  10       0,00      0,00     33,60     33,60
P05 Nestor Crespo                              0   0  10       0,00      0,00     33,60     33,60
P04 Jaime Rodriguez                            0   0  10       0,00      0,00     33,60     33,60
P07 Pedro Navarra                              0   0  10       0,00      0,00     33,60     33,60
P06 Maria Gutierrez                            0   0  10       0,00      0,00     33,60     33,60
P09 Carlos Escudero                            0   0  10       0,00      0,00     33,60     33,60
P08 Sergio Briban                              0   0  10       0,00      0,00     33,60     33,60
-------------------------------------------------------------------------------------------------
19  propiedades                              100 100 100    4580,00   4886,00    336,00   9802,00



CUOTAS POR PROPIETARIOS: 


CPd Nombre Propietario                        %C  %E  %G         C.        E.        G.      Total
-------------------------------------------------------------------------------------------------
11  Sergio Briban                              0   0  10       0,00      0,00     33,60     33,60
01  Jorge Salas                               20  15  10     916,00    732,90     33,60   1682,50
12  Carlos Escudero                            0   0  10       0,00      0,00     33,60     33,60
02  Jaime Rodriguez                           20  15  10     916,00    732,90     33,60   1682,50
13  Ruben Palencia                             0   0  10       0,00      0,00     33,60     33,60
03  Nestor Crespo                             20  15  10     916,00    732,90     33,60   1682,50
14  Paula Cabos                                0   0  10       0,00      0,00     33,60     33,60
04  Maria Gutierrez                            0   8  10       0,00    390,88     33,60    424,48
15  Juan Tenorio                               0   0  10       0,00      0,00     33,60     33,60
05  Miguel Palacios                            0   9   0       0,00    439,74      0,00    439,74
06  Nuria Mas                                  0   9   0       0,00    439,74      0,00    439,74
07  Ricardo Torres                            12   9   0     549,60    439,74      0,00    989,34
08  Tomas Asensio                             14  10   0     641,20    488,60      0,00   1129,80
09  Enrique Alos                              14  10   0     641,20    488,60      0,00   1129,80
10  Pedro Navarra                              0   0  10       0,00      0,00     33,60     33,60
-------------------------------------------------------------------------------------------------
15  propietarios                             100 100 100    4580,00   4886,00    336,00   9802,00
